{
 "cells": [
  {
   "cell_type": "markdown",
   "metadata": {},
   "source": [
    "# Supervised Learning: Classification"
   ]
  },
  {
   "cell_type": "markdown",
   "metadata": {},
   "source": [
    "In classification, the data that we have on the label column is discrete: there are two or more options for what the value (or quality) of the outcome can take. \n",
    "\n",
    "Below, we can see illustrated what the values of our outcome look like in the two cases, and what we are trying to achieve with each. In classification, our value has only two options, and therefore we are trying to find the boundary between the two classes. In regression, we are trying to find the line (not necessarily linear!) that best follows the formation of our data. \n",
    "\n",
    "![title](img/classification_vs_regression.png)"
   ]
  },
  {
   "cell_type": "markdown",
   "metadata": {},
   "source": [
    "Classification problems can be grouped into:\n",
    "- binary problems: is this tumor cancerous or not?\n",
    "- multi-class problems: what type of animal is this?"
   ]
  },
  {
   "cell_type": "markdown",
   "metadata": {},
   "source": [
    "## Dataset"
   ]
  },
  {
   "cell_type": "markdown",
   "metadata": {},
   "source": [
    "https://scikit-learn.org/stable/auto_examples/datasets/plot_iris_dataset.html\n",
    "\n",
    "Features: Sepal Length, Sepal Width, Petal Length and Petal Width\n",
    "\n",
    "Labels: Setosa, Versicolour, and Virginica"
   ]
  },
  {
   "cell_type": "code",
   "execution_count": 1,
   "metadata": {},
   "outputs": [
    {
     "name": "stdout",
     "output_type": "stream",
     "text": [
      "[[5.1 3.5 1.4 0.2]\n",
      " [4.9 3.  1.4 0.2]\n",
      " [4.7 3.2 1.3 0.2]\n",
      " [4.6 3.1 1.5 0.2]\n",
      " [5.  3.6 1.4 0.2]]\n",
      "[0 1 2]\n",
      "150\n"
     ]
    }
   ],
   "source": [
    "import numpy as np\n",
    "\n",
    "from sklearn.datasets import load_iris\n",
    "\n",
    "X, y = load_iris(return_X_y=True)\n",
    "\n",
    "print(X[:5])\n",
    "print(np.unique(y))\n",
    "print(len(X))"
   ]
  },
  {
   "cell_type": "code",
   "execution_count": 2,
   "metadata": {},
   "outputs": [
    {
     "name": "stdout",
     "output_type": "stream",
     "text": [
      "(112, 4)\n",
      "(38, 4)\n",
      "(112,)\n",
      "(38,)\n"
     ]
    }
   ],
   "source": [
    "from sklearn.model_selection import train_test_split\n",
    "\n",
    "X_train, X_test, y_train, y_test = train_test_split(X, y, test_size=0.25)\n",
    "\n",
    "print(X_train.shape)\n",
    "print(X_test.shape)\n",
    "print(y_train.shape)\n",
    "print(y_test.shape)"
   ]
  },
  {
   "cell_type": "markdown",
   "metadata": {},
   "source": [
    "## Algorithms"
   ]
  },
  {
   "cell_type": "markdown",
   "metadata": {},
   "source": [
    "For restless souls:\n",
    "\n",
    "Andriy Burkov - The Hundred-Page Machine Learning Book"
   ]
  },
  {
   "cell_type": "markdown",
   "metadata": {},
   "source": [
    "### Logistic Regression"
   ]
  },
  {
   "cell_type": "code",
   "execution_count": 3,
   "metadata": {},
   "outputs": [
    {
     "name": "stderr",
     "output_type": "stream",
     "text": [
      "/home/ubuntu/miniconda3/envs/ironhack_env/lib/python3.7/site-packages/sklearn/linear_model/logistic.py:432: FutureWarning: Default solver will be changed to 'lbfgs' in 0.22. Specify a solver to silence this warning.\n",
      "  FutureWarning)\n",
      "/home/ubuntu/miniconda3/envs/ironhack_env/lib/python3.7/site-packages/sklearn/linear_model/logistic.py:469: FutureWarning: Default multi_class will be changed to 'auto' in 0.22. Specify the multi_class option to silence this warning.\n",
      "  \"this warning.\", FutureWarning)\n"
     ]
    },
    {
     "data": {
      "text/plain": [
       "LogisticRegression(C=1.0, class_weight=None, dual=False, fit_intercept=True,\n",
       "                   intercept_scaling=1, l1_ratio=None, max_iter=100,\n",
       "                   multi_class='warn', n_jobs=None, penalty='l2',\n",
       "                   random_state=None, solver='warn', tol=0.0001, verbose=0,\n",
       "                   warm_start=False)"
      ]
     },
     "execution_count": 3,
     "metadata": {},
     "output_type": "execute_result"
    }
   ],
   "source": [
    "from sklearn.linear_model import LogisticRegression\n",
    "\n",
    "lr = LogisticRegression()\n",
    "\n",
    "lr.fit(X_train, y_train)"
   ]
  },
  {
   "cell_type": "code",
   "execution_count": 4,
   "metadata": {},
   "outputs": [
    {
     "data": {
      "text/plain": [
       "array([2, 0, 0, 0, 0, 1, 0, 1, 2, 0, 0, 1, 1, 1, 0, 1, 2, 1, 2, 2, 1, 1,\n",
       "       1, 2, 2, 2, 0, 2, 2, 2, 1, 0, 2, 1, 2, 1, 2, 0])"
      ]
     },
     "execution_count": 4,
     "metadata": {},
     "output_type": "execute_result"
    }
   ],
   "source": [
    "lr.predict(X_test)"
   ]
  },
  {
   "cell_type": "code",
   "execution_count": 5,
   "metadata": {},
   "outputs": [
    {
     "data": {
      "text/plain": [
       "array([[5.71856018e-04, 1.84312183e-01, 8.15115961e-01],\n",
       "       [8.10552507e-01, 1.89272604e-01, 1.74889122e-04],\n",
       "       [8.78474321e-01, 1.21474505e-01, 5.11743505e-05],\n",
       "       [8.97136168e-01, 1.02732673e-01, 1.31159183e-04],\n",
       "       [8.28684658e-01, 1.71206990e-01, 1.08351937e-04],\n",
       "       [2.61006847e-02, 7.95666221e-01, 1.78233095e-01],\n",
       "       [7.89584557e-01, 2.10267051e-01, 1.48392401e-04],\n",
       "       [6.84036691e-02, 7.31908730e-01, 1.99687601e-01],\n",
       "       [1.96733806e-03, 2.58319180e-01, 7.39713482e-01],\n",
       "       [8.86319153e-01, 1.13651561e-01, 2.92864062e-05],\n",
       "       [8.52046413e-01, 1.47814111e-01, 1.39475782e-04],\n",
       "       [1.12656659e-02, 6.72369225e-01, 3.16365110e-01],\n",
       "       [1.56620293e-02, 6.47578662e-01, 3.36759308e-01],\n",
       "       [4.59375279e-02, 5.69325553e-01, 3.84736919e-01],\n",
       "       [8.45623127e-01, 1.54287498e-01, 8.93752934e-05],\n",
       "       [2.44569802e-02, 5.70138341e-01, 4.05404678e-01],\n",
       "       [1.41134288e-03, 3.62013051e-01, 6.36575606e-01],\n",
       "       [4.47655203e-02, 7.17697447e-01, 2.37537033e-01],\n",
       "       [4.15050515e-04, 2.64785408e-01, 7.34799541e-01],\n",
       "       [1.64061404e-03, 1.76749584e-01, 8.21609802e-01],\n",
       "       [6.29013929e-02, 7.66122267e-01, 1.70976340e-01],\n",
       "       [4.35323815e-02, 6.31077526e-01, 3.25390092e-01],\n",
       "       [4.49058341e-02, 7.21788056e-01, 2.33306110e-01],\n",
       "       [2.88011819e-03, 4.72080985e-01, 5.25038896e-01],\n",
       "       [1.31161911e-02, 3.65955230e-01, 6.20928579e-01],\n",
       "       [9.71072688e-04, 1.72036256e-01, 8.26992671e-01],\n",
       "       [8.42402090e-01, 1.57467793e-01, 1.30117001e-04],\n",
       "       [7.04753027e-04, 1.92252495e-01, 8.07042752e-01],\n",
       "       [2.14856969e-03, 3.03527990e-01, 6.94323440e-01],\n",
       "       [4.93631533e-04, 2.96029554e-01, 7.03476814e-01],\n",
       "       [4.54308582e-02, 7.43204565e-01, 2.11364577e-01],\n",
       "       [7.08101093e-01, 2.91394234e-01, 5.04673266e-04],\n",
       "       [1.06030227e-03, 2.97611559e-01, 7.01328139e-01],\n",
       "       [1.69754158e-02, 5.79863771e-01, 4.03160814e-01],\n",
       "       [4.74499664e-04, 2.40264443e-01, 7.59261057e-01],\n",
       "       [1.39249273e-02, 5.15589206e-01, 4.70485867e-01],\n",
       "       [1.24485243e-03, 2.99262029e-01, 6.99493118e-01],\n",
       "       [8.28345065e-01, 1.71477703e-01, 1.77231310e-04]])"
      ]
     },
     "execution_count": 5,
     "metadata": {},
     "output_type": "execute_result"
    }
   ],
   "source": [
    "lr.predict_proba(X_test)"
   ]
  },
  {
   "cell_type": "code",
   "execution_count": 6,
   "metadata": {},
   "outputs": [
    {
     "data": {
      "text/plain": [
       "0.9473684210526315"
      ]
     },
     "execution_count": 6,
     "metadata": {},
     "output_type": "execute_result"
    }
   ],
   "source": [
    "from sklearn.metrics import accuracy_score\n",
    "\n",
    "accuracy_score(y_true=y_test, y_pred=lr.predict(X_test))"
   ]
  },
  {
   "cell_type": "markdown",
   "metadata": {},
   "source": [
    "### Random Forest"
   ]
  },
  {
   "cell_type": "code",
   "execution_count": 7,
   "metadata": {},
   "outputs": [
    {
     "name": "stderr",
     "output_type": "stream",
     "text": [
      "/home/ubuntu/miniconda3/envs/ironhack_env/lib/python3.7/site-packages/sklearn/ensemble/forest.py:245: FutureWarning: The default value of n_estimators will change from 10 in version 0.20 to 100 in 0.22.\n",
      "  \"10 in version 0.20 to 100 in 0.22.\", FutureWarning)\n"
     ]
    },
    {
     "data": {
      "text/plain": [
       "RandomForestClassifier(bootstrap=True, class_weight=None, criterion='gini',\n",
       "                       max_depth=None, max_features='auto', max_leaf_nodes=None,\n",
       "                       min_impurity_decrease=0.0, min_impurity_split=None,\n",
       "                       min_samples_leaf=1, min_samples_split=2,\n",
       "                       min_weight_fraction_leaf=0.0, n_estimators=10,\n",
       "                       n_jobs=None, oob_score=False, random_state=None,\n",
       "                       verbose=0, warm_start=False)"
      ]
     },
     "execution_count": 7,
     "metadata": {},
     "output_type": "execute_result"
    }
   ],
   "source": [
    "from sklearn.ensemble import RandomForestClassifier\n",
    "\n",
    "rf = RandomForestClassifier()\n",
    "\n",
    "rf.fit(X_train, y_train)"
   ]
  },
  {
   "cell_type": "code",
   "execution_count": 8,
   "metadata": {},
   "outputs": [
    {
     "data": {
      "text/plain": [
       "0.9736842105263158"
      ]
     },
     "execution_count": 8,
     "metadata": {},
     "output_type": "execute_result"
    }
   ],
   "source": [
    "accuracy_score(y_true=y_test, y_pred=rf.predict(X_test))"
   ]
  },
  {
   "cell_type": "markdown",
   "metadata": {},
   "source": [
    "### SVM"
   ]
  },
  {
   "cell_type": "code",
   "execution_count": 9,
   "metadata": {},
   "outputs": [
    {
     "name": "stderr",
     "output_type": "stream",
     "text": [
      "/home/ubuntu/miniconda3/envs/ironhack_env/lib/python3.7/site-packages/sklearn/svm/base.py:193: FutureWarning: The default value of gamma will change from 'auto' to 'scale' in version 0.22 to account better for unscaled features. Set gamma explicitly to 'auto' or 'scale' to avoid this warning.\n",
      "  \"avoid this warning.\", FutureWarning)\n"
     ]
    },
    {
     "data": {
      "text/plain": [
       "SVC(C=1.0, cache_size=200, class_weight=None, coef0=0.0,\n",
       "    decision_function_shape='ovr', degree=3, gamma='auto_deprecated',\n",
       "    kernel='rbf', max_iter=-1, probability=False, random_state=None,\n",
       "    shrinking=True, tol=0.001, verbose=False)"
      ]
     },
     "execution_count": 9,
     "metadata": {},
     "output_type": "execute_result"
    }
   ],
   "source": [
    "from sklearn.svm import SVC\n",
    "\n",
    "svm = SVC()\n",
    "\n",
    "svm.fit(X_train, y_train)"
   ]
  },
  {
   "cell_type": "code",
   "execution_count": 10,
   "metadata": {},
   "outputs": [
    {
     "data": {
      "text/plain": [
       "1.0"
      ]
     },
     "execution_count": 10,
     "metadata": {},
     "output_type": "execute_result"
    }
   ],
   "source": [
    "accuracy_score(y_true=y_test, y_pred=svm.predict(X_test))"
   ]
  },
  {
   "cell_type": "markdown",
   "metadata": {},
   "source": [
    "### K-Nearest Neighbours (kNN)"
   ]
  },
  {
   "cell_type": "code",
   "execution_count": 11,
   "metadata": {},
   "outputs": [
    {
     "data": {
      "text/plain": [
       "KNeighborsClassifier(algorithm='auto', leaf_size=30, metric='minkowski',\n",
       "                     metric_params=None, n_jobs=None, n_neighbors=5, p=2,\n",
       "                     weights='uniform')"
      ]
     },
     "execution_count": 11,
     "metadata": {},
     "output_type": "execute_result"
    }
   ],
   "source": [
    "from sklearn.neighbors import KNeighborsClassifier\n",
    "\n",
    "knn = KNeighborsClassifier()\n",
    "\n",
    "knn.fit(X_train, y_train)"
   ]
  },
  {
   "cell_type": "code",
   "execution_count": 12,
   "metadata": {},
   "outputs": [
    {
     "data": {
      "text/plain": [
       "0.9736842105263158"
      ]
     },
     "execution_count": 12,
     "metadata": {},
     "output_type": "execute_result"
    }
   ],
   "source": [
    "accuracy_score(y_true=y_test, y_pred=knn.predict(X_test))"
   ]
  },
  {
   "cell_type": "code",
   "execution_count": null,
   "metadata": {},
   "outputs": [],
   "source": []
  }
 ],
 "metadata": {
  "kernelspec": {
   "display_name": "Python [conda env:ironhack_env]",
   "language": "python",
   "name": "conda-env-ironhack_env-py"
  },
  "language_info": {
   "codemirror_mode": {
    "name": "ipython",
    "version": 3
   },
   "file_extension": ".py",
   "mimetype": "text/x-python",
   "name": "python",
   "nbconvert_exporter": "python",
   "pygments_lexer": "ipython3",
   "version": "3.7.4"
  }
 },
 "nbformat": 4,
 "nbformat_minor": 4
}
